Position: 1
Mean: 0.008; Std: 0.999967999488

Position: 10
Mean: 0.02328; Std: 0.31730433593

Position: 100
Mean: 0.0202; Std: 0.098852819889

Position: 1000
Mean: 0.020249; Std: 0.0316610801932

